159
183
127
187
148
153
170
190
116
117
158
106
143
133
108
168
161
155
156
102
193
101
138
101
197
121
130
108
153
112
116
152
166
150
170
122
103
110
112
169
150
187
133
188
1000136
1000241
113
119
156
130
108
132
157
159
123
169
166
172
1000346
1000289
106
148
115
115
121
127
176
177
156
145
149
106
115
168
148
129
183
146
106
149
115
161
144
100
195
162
198
160
176
100
182
132
100
127
116
153
141
114
191
141
153
111
152
101
167
155
107
121
150
194
151
187
193
153
121
192
158
160
135
187
176
109
173
101
136
152
126
108
182
189
109
158
175
139
139
134
107
190
124
109
136
140
188
196
159
147
159
158
191
117
145
158
128
184
149
105
155
144
178
182
165
183
161
175
128
130
170
172
186
167
142
105
156
188
148
142
174
162
124
118
123
141
160
128
193
165
129
117
128
199
146
169
155
173
194
109
169
122
104
109
126
143
